CAP1 = 1.770246486927e-08
GAP1 = 2.5e-06
CAP2 = 1.733751904425e-08
GAP2 = 2.552631578947e-06
CAP3 = 1.698731712878e-08
GAP3 = 2.605263157895e-06
CAP4 = 1.665098410655e-08
GAP4 = 2.657894736842e-06
CAP5 = 1.632771314206e-08
GAP5 = 2.710526315789e-06
CAP6 = 1.601675569418e-08
GAP6 = 2.763157894737e-06
CAP7 = 1.571742282778e-08
GAP7 = 2.815789473684e-06
CAP8 = 1.542907532155e-08
GAP8 = 2.868421052632e-06
CAP9 = 1.515111804196e-08
GAP9 = 2.921052631579e-06
CAP10 = 1.488299984658e-08
GAP10 = 2.973684210526e-06
CAP11 = 1.462420655685e-08
GAP11 = 3.026315789474e-06
CAP12 = 1.4374260887e-08
GAP12 = 3.078947368421e-06
CAP13 = 1.413271543669e-08
GAP13 = 3.131578947368e-06
CAP14 = 1.389915540102e-08
GAP14 = 3.184210526316e-06
CAP15 = 1.367319018684e-08
GAP15 = 3.236842105263e-06
CAP16 = 1.345445615826e-08
GAP16 = 3.289473684211e-06
CAP17 = 1.324261099924e-08
GAP17 = 3.342105263158e-06
CAP18 = 1.303733371998e-08
GAP18 = 3.394736842105e-06
CAP19 = 1.283832458157e-08
GAP19 = 3.447368421053e-06
CAP20 = 1.264529953815e-08
GAP20 = 3.5e-06
