CAP1 = 4.409527235225e-08
GAP1 = 1e-06
CAP2 = 2.992901575141e-08
GAP2 = 1.473684210526e-06
CAP3 = 2.263873467463e-08
GAP3 = 1.947368421053e-06
CAP4 = 1.821254468979e-08
GAP4 = 2.421052631579e-06
CAP5 = 1.52339955946e-08
GAP5 = 2.894736842105e-06
CAP6 = 1.30898994378e-08
GAP6 = 3.368421052631e-06
CAP7 = 1.147645098207e-08
GAP7 = 3.842105263158e-06
CAP8 = 1.021541446447e-08
GAP8 = 4.315789473684e-06
CAP9 = 9.206399369788e-09
GAP9 = 4.78947368421e-06
CAP10 = 8.376809705624e-09
GAP10 = 5.263157894737e-06
CAP11 = 7.685241109812e-09
GAP11 = 5.736842105263e-06
CAP12 = 7.099172592007e-09
GAP12 = 6.210526315789e-06
CAP13 = 6.596174864626e-09
GAP13 = 6.684210526316e-06
CAP14 = 6.159756617308e-09
GAP14 = 7.157894736842e-06
CAP15 = 5.777519407957e-09
GAP15 = 7.631578947368e-06
CAP16 = 5.439963990739e-09
GAP16 = 8.105263157895e-06
CAP17 = 5.139689574207e-09
GAP17 = 8.578947368421e-06
CAP18 = 4.870842542459e-09
GAP18 = 9.052631578947e-06
CAP19 = 4.628735996448e-09
GAP19 = 9.526315789473e-06
CAP20 = 4.409569157815e-09
GAP20 = 1e-05
