CAP1 = 1.770246486927e-08
GAP1 = 2.5e-06
CAP2 = 1.744541263946e-08
GAP2 = 2.536842105263e-06
CAP3 = 1.719571957892e-08
GAP3 = 2.573684210526e-06
CAP4 = 1.695307320091e-08
GAP4 = 2.610526315789e-06
CAP5 = 1.671718085987e-08
GAP5 = 2.647368421053e-06
CAP6 = 1.648776415664e-08
GAP6 = 2.684210526316e-06
CAP7 = 1.626455890857e-08
GAP7 = 2.721052631579e-06
CAP8 = 1.604731793208e-08
GAP8 = 2.757894736842e-06
CAP9 = 1.583580402098e-08
GAP9 = 2.794736842105e-06
CAP10 = 1.562979417002e-08
GAP10 = 2.831578947368e-06
CAP11 = 1.542907532155e-08
GAP11 = 2.868421052632e-06
CAP12 = 1.523344718066e-08
GAP12 = 2.905263157895e-06
CAP13 = 1.504271939723e-08
GAP13 = 2.942105263158e-06
CAP14 = 1.485670874999e-08
GAP14 = 2.978947368421e-06
CAP15 = 1.467524195817e-08
GAP15 = 3.015789473684e-06
CAP16 = 1.449815565735e-08
GAP16 = 3.052631578947e-06
CAP17 = 1.43252935878e-08
GAP17 = 3.089473684211e-06
CAP18 = 1.41565038092e-08
GAP18 = 3.126315789474e-06
CAP19 = 1.39916470637e-08
GAP19 = 3.163157894737e-06
CAP20 = 1.383058561473e-08
GAP20 = 3.2e-06
