CAP1 = 4.425255656315e-08
GAP1 = 1e-06
CAP2 = 3.002920505821e-08
GAP2 = 1.473684210526e-06
CAP3 = 2.272540721293e-08
GAP3 = 1.947368421053e-06
CAP4 = 1.827963632479e-08
GAP4 = 2.421052631579e-06
CAP5 = 1.528883323658e-08
GAP5 = 2.894736842105e-06
CAP6 = 1.313916985382e-08
GAP6 = 3.368421052631e-06
CAP7 = 1.151953498848e-08
GAP7 = 3.842105263158e-06
CAP8 = 1.025540559922e-08
GAP8 = 4.315789473684e-06
CAP9 = 9.241303638419e-09
GAP9 = 4.78947368421e-06
CAP10 = 8.409722567393e-09
GAP10 = 5.263157894737e-06
CAP11 = 7.715453435253e-09
GAP11 = 5.736842105263e-06
CAP12 = 7.127078162483e-09
GAP12 = 6.210526315789e-06
CAP13 = 6.622086222663e-09
GAP13 = 6.684210526316e-06
CAP14 = 6.183923248315e-09
GAP14 = 7.157894736842e-06
CAP15 = 5.800147359025e-09
GAP15 = 7.631578947368e-06
CAP16 = 5.461223403103e-09
GAP16 = 8.105263157895e-06
CAP17 = 5.159722572401e-09
GAP17 = 8.578947368421e-06
CAP18 = 4.889770980654e-09
GAP18 = 9.052631578947e-06
CAP19 = 4.646662297603e-09
GAP19 = 9.526315789473e-06
CAP20 = 4.426582523109e-09
GAP20 = 1e-05
