d_max = 100e-6
mass = 0.006244642857142857
init_gap = 3e-06
time = 0.0016
dt = 2.2321428571428574e-07
NUM_CALCS = 1
ANALYSIS_TYPE = 'dynamic_calc'