CAP1 = 4.409292638798e-07
GAP1 = 1e-07
CAP2 = 1.232008498846e-07
GAP2 = 3.578947368421e-07
CAP3 = 7.161182023765e-08
GAP3 = 6.157894736842e-07
CAP4 = 5.046789340426e-08
GAP4 = 8.736842105263e-07
CAP5 = 3.896884834376e-08
GAP5 = 1.131578947368e-06
CAP6 = 3.172838236249e-08
GAP6 = 1.389473684211e-06
CAP7 = 2.676137194495e-08
GAP7 = 1.647368421053e-06
CAP8 = 2.313903023188e-08
GAP8 = 1.905263157895e-06
CAP9 = 2.038420507375e-08
GAP9 = 2.163157894737e-06
CAP10 = 1.821254468979e-08
GAP10 = 2.421052631579e-06
CAP11 = 1.645964028256e-08
GAP11 = 2.678947368421e-06
CAP12 = 1.501559510473e-08
GAP12 = 2.936842105263e-06
CAP13 = 1.380206675066e-08
GAP13 = 3.194736842105e-06
CAP14 = 1.276905693199e-08
GAP14 = 3.452631578947e-06
CAP15 = 1.188161631269e-08
GAP15 = 3.710526315789e-06
CAP16 = 1.110952275809e-08
GAP16 = 3.968421052632e-06
CAP17 = 1.043337900697e-08
GAP17 = 4.226315789474e-06
CAP18 = 9.833576117302e-09
GAP18 = 4.484210526316e-06
CAP19 = 9.299289856557e-09
GAP19 = 4.742105263158e-06
CAP20 = 8.817638604341e-09
GAP20 = 5e-06
