CAP1 = 2.222527900608e-10
GAP1 = 1e-05
CAP2 = 1.509574584113e-10
GAP2 = 1.473684210526e-05
CAP3 = 1.143464377962e-10
GAP3 = 1.947368421053e-05
CAP4 = 9.206168291587e-11
GAP4 = 2.421052631579e-05
CAP5 = 7.707031390303e-11
GAP5 = 2.894736842105e-05
CAP6 = 6.601294697539e-11
GAP6 = 3.368421052632e-05
CAP7 = 5.792976380259e-11
GAP7 = 3.842105263158e-05
CAP8 = 5.184172816031e-11
GAP8 = 4.315789473684e-05
CAP9 = 4.656039012674e-11
GAP9 = 4.78947368421e-05
CAP10 = 4.259169358034e-11
GAP10 = 5.263157894737e-05
CAP11 = 3.911248691035e-11
GAP11 = 5.736842105263e-05
CAP12 = 3.601074495541e-11
GAP12 = 6.210526315789e-05
CAP13 = 3.363370710274e-11
GAP13 = 6.684210526316e-05
CAP14 = 3.130718333466e-11
GAP14 = 7.157894736842e-05
CAP15 = 2.951542274199e-11
GAP15 = 7.631578947368e-05
CAP16 = 2.781739880386e-11
GAP16 = 8.105263157895e-05
CAP17 = 2.619849375357e-11
GAP17 = 8.578947368421e-05
CAP18 = 2.485189043999e-11
GAP18 = 9.052631578947e-05
CAP19 = 2.373684887952e-11
GAP19 = 9.526315789473e-05
CAP20 = 2.254156822451e-11
GAP20 = 0.0001
