CAP1 = 2.209174616219e-09
GAP1 = 1e-06
CAP2 = 1.104807905339e-09
GAP2 = 2e-06
CAP3 = 7.398089145738e-10
GAP3 = 3e-06
CAP4 = 5.54967292743e-10
GAP4 = 4e-06
CAP5 = 4.421876828253e-10
GAP5 = 5e-06
CAP6 = 3.701257574651e-10
GAP6 = 6e-06
CAP7 = 3.173139346613e-10
GAP7 = 7e-06
CAP8 = 2.777050965408e-10
GAP8 = 8e-06
CAP9 = 2.468982473358e-10
GAP9 = 9e-06
CAP10 = 2.222527900608e-10
GAP10 = 1e-05
CAP11 = 2.020886624488e-10
GAP11 = 1.1e-05
CAP12 = 1.852849535466e-10
GAP12 = 1.2e-05
CAP13 = 1.703440205336e-10
GAP13 = 1.3e-05
CAP14 = 1.588791756602e-10
GAP14 = 1.4e-05
CAP15 = 1.483168887151e-10
GAP15 = 1.5e-05
CAP16 = 1.384876906374e-10
GAP16 = 1.6e-05
CAP17 = 1.303674807329e-10
GAP17 = 1.7e-05
CAP18 = 1.231495317611e-10
GAP18 = 1.8e-05
CAP19 = 1.166913802919e-10
GAP19 = 1.9e-05
CAP20 = 1.108790574689e-10
GAP20 = 2e-05
