gap_list = [1e-06, 2e-06, 3e-06, 4e-06, 5e-06, 6e-06, 7e-06, 8e-06, 9e-06, 1e-05, 1.1e-05, 1.2e-05, 1.3e-05, 1.4e-05, 1.5e-05, 1.6e-05, 1.7e-05, 1.8e-05, 1.9e-05, 2e-05]
cap_cae = [1.414687281828e-07, 7.075410921107e-08, 4.718210086727e-08, 3.539607298693e-08, 2.832434707622e-08, 2.36098546819e-08, 2.024217543071e-08, 1.771630990432e-08, 1.57516455955e-08, 1.417974978319e-08, 1.289371442264e-08, 1.182224329735e-08, 1.091524511678e-08, 1.013786586842e-08, 9.464104991359e-09, 8.874528488186e-09, 8.354280423656e-09, 7.891706740133e-09, 7.477784839232e-09, 7.105359614514e-09]
force_cae = [703.7300050652, 177.082432218, 78.7319126139, 44.28014236106, 28.33398962455, 19.67324308376, 14.45199533834, 11.0637493937, 8.74110816464, 7.079942650365, 5.850999093352, 4.916402550678, 4.189079605171, 3.612049313331, 3.146649885586, 2.76570147693, 2.4498965946, 2.185353783788, 1.961665746117, 1.770736503076]
