gap_list = [2e-06, 1e-05]
cap_cae = [2.20526107924e-08, 1.821254468979e-08, 1.551609590251e-08, 1.351427454637e-08, 1.19664791379e-08, 1.073923582684e-08, 9.741609982683e-09, 8.911448318383e-09, 8.212580451072e-09, 7.615386027737e-09, 7.099172592007e-09, 6.64851484089e-09, 6.251671948121e-09, 5.899547818444e-09, 5.584987366092e-09, 5.302285137532e-09, 5.04683401914e-09, 4.814876314185e-09, 4.603313431062e-09, 4.409569157815e-09]
force_cae = [0.04658142436923, 0.5098891738709]
