gap_list = [1e-07, 5e-06]
cap_cae = [4.409292638798e-07, 1.232008498846e-07, 7.161182023765e-08, 5.046789340426e-08, 3.896884834376e-08, 3.172838236249e-08, 2.676137194495e-08, 2.313903023188e-08, 2.038420507375e-08, 1.821254468979e-08, 1.645964028256e-08, 1.501559510473e-08, 1.380206675066e-08, 1.276905693199e-08, 1.188161631269e-08, 1.110952275809e-08, 1.043337900697e-08, 9.833576117302e-09, 9.299289856557e-09, 8.817638604341e-09]
force_cae = [0.2191360994865, 0.7392934902627]
