gap_list = [0.00015, 0.0001526315789474, 0.0001552631578947, 0.0001578947368421, 0.0001605263157895, 0.0001631578947368, 0.0001657894736842, 0.0001684210526316, 0.0001710526315789, 0.0001736842105263, 0.0001763157894737, 0.000178947368421, 0.0001815789473684, 0.0001842105263158, 0.0001868421052632, 0.0001894736842105, 0.0001921052631579, 0.0001947368421053, 0.0001973684210526, 0.0002]
cap_cae = [5.878853579588e-09, 5.777520254924e-09, 5.679622336174e-09, 5.584988309693e-09, 5.493457405237e-09, 5.404879061643e-09, 5.319113444102e-09, 5.236028101763e-09, 5.155499633247e-09, 5.077411987031e-09, 5.001655358683e-09, 4.928127276571e-09, 4.856730942038e-09, 4.787374660964e-09, 4.719972110934e-09, 4.654442614083e-09, 4.590708346086e-09, 4.528697127171e-09, 4.468339619734e-09, 4.409570999542e-09]
force_cae = [0.05275400386732, 0.06325018839313, 0.07757690806607, 0.09663702051658, 0.1239859431889, 0.1638888049561, 0.2261243928751, 0.3248458962221, 0.4979486706505, 0.7850125144786, 1.197350941695, 1.390085652565, 1.103336440406, 0.7027167072959, 0.4482643305146, 0.2951893769408, 0.2074843275271, 0.1517356315527, 0.1150991736452, 0.0905178451701]
