gap_list = [2e-06, 4e-06]
cap_cae = [2.20526107924e-08, 2.094435542901e-08, 1.994741181548e-08, 1.904036580669e-08, 1.821254468979e-08, 1.74537086103e-08, 1.675558174838e-08, 1.611146781997e-08, 1.551609590251e-08, 1.49619705752e-08, 1.44460606009e-08, 1.396308357471e-08, 1.351427454637e-08, 1.308989944349e-08, 1.269401914641e-08, 1.231841106062e-08, 1.196647913853e-08, 1.163410009699e-08, 1.132155565333e-08, 1.10218235343e-08]
force_cae = [0.5177562757945, 1.019147849469]
