gap_list = [3e-06, 3.052631578947e-06, 3.105263157895e-06, 3.157894736842e-06, 3.210526315789e-06, 3.263157894737e-06, 3.315789473684e-06, 3.368421052632e-06, 3.421052631579e-06, 3.473684210526e-06, 3.526315789474e-06, 3.578947368421e-06, 3.631578947368e-06, 3.684210526316e-06, 3.736842105263e-06, 3.789473684211e-06, 3.842105263158e-06, 3.894736842105e-06, 3.947368421053e-06, 4e-06]
cap_cae = [1.469948980173e-08, 1.44460606009e-08, 1.420122321463e-08, 1.396308357471e-08, 1.373419137387e-08, 1.351427454566e-08, 1.32976612079e-08, 1.308989944064e-08, 1.288857097279e-08, 1.269401914641e-08, 1.250225669125e-08, 1.231841106062e-08, 1.214218464014e-08, 1.19664791395e-08, 1.179939982663e-08, 1.16341000961e-08, 1.147645097994e-08, 1.132155565049e-08, 1.116876961014e-08, 1.102182353376e-08]
force_cae = [7.491019971929, 9.071129149733, 11.19704628742, 14.15961119171, 18.45852555096, 25.0193595729, 35.73336806628, 55.18330016081, 96.12942084339, 208.6710740304, 723.1878130527, 2483.754395198, 472.507635358, 153.2868169393, 76.00338931282, 46.68085313158, 31.99451640541, 22.97098331212, 16.63028221096, 12.04526320156]
