gap_list = [2e-05, 2.105263157895e-05, 2.210526315789e-05, 2.315789473684e-05, 2.421052631579e-05, 2.526315789474e-05, 2.631578947368e-05, 2.736842105263e-05, 2.842105263158e-05, 2.947368421052e-05, 3.052631578947e-05, 3.157894736842e-05, 3.263157894736e-05, 3.368421052631e-05, 3.473684210526e-05, 3.57894736842e-05, 3.684210526315e-05, 3.78947368421e-05, 3.894736842105e-05, 3.999999999999e-05]
cap_cae = [4.40952723352e-08, 4.189765512308e-08, 3.98937110873e-08, 3.808037246031e-08, 3.643557053579e-08, 3.491750676545e-08, 3.351136686689e-08, 3.222189256746e-08, 3.102849850336e-08, 2.992901575283e-08, 2.889611197929e-08, 2.792101571494e-08, 2.702034978981e-08, 2.618578782005e-08, 2.539228659089e-08, 2.463623419757e-08, 2.393235308675e-08, 2.326757804569e-08, 2.263873468058e-08, 2.20526107924e-08]
force_cae = [0.1887990746224, 0.2175263618284, 0.2490210462067, 0.2933032160137, 0.3474964717434, 0.4161729795139, 0.5119066905015, 0.6477699088052, 0.8448566136752, 1.145793242159, 1.644418681033, 2.560451220744, 4.507546660731, 9.892368324751, 34.04417096795, 137.9976127805, 28.11894981345, 8.778824002752, 4.127992749013, 2.369810300071]
