gap_list = [1e-05, 1.025641025641e-05, 1.051282051282e-05, 1.076923076923e-05, 1.102564102564e-05, 1.128205128205e-05, 1.153846153846e-05, 1.179487179487e-05, 1.205128205128e-05, 1.230769230769e-05, 1.25641025641e-05, 1.282051282051e-05, 1.307692307692e-05, 1.333333333333e-05, 1.358974358974e-05, 1.384615384615e-05, 1.410256410256e-05, 1.435897435898e-05, 1.461538461539e-05, 1.48717948718e-05, 1.512820512821e-05, 1.538461538462e-05, 1.564102564103e-05, 1.589743589744e-05, 1.615384615385e-05, 1.641025641026e-05, 1.666666666667e-05, 1.692307692308e-05, 1.717948717949e-05, 1.74358974359e-05, 1.769230769231e-05, 1.794871794872e-05, 1.820512820513e-05, 1.846153846154e-05, 1.871794871795e-05, 1.897435897436e-05, 1.923076923077e-05, 1.948717948718e-05, 1.974358974359e-05, 2e-05]
cap_cae = [4.40952723352e-08, 4.189765377873e-08, 3.98937110873e-08, 3.808037246031e-08, 3.643557054147e-08, 3.49175067754e-08, 3.351136686689e-08, 3.222189256178e-08, 3.102849850904e-08, 2.99290157443e-08, 2.889611197929e-08, 2.792101571503e-08, 2.702034980135e-08, 2.618578781437e-08, 2.53922865852e-08, 2.463623417457e-08, 2.393235308622e-08, 2.326757804649e-08, 2.26387346804e-08, 2.205261078814e-08]
force_cae = [0.3388529495473, 0.4455722906643, 0.421642278912, 0.4558443375386, 0.5312064865545, 0.482832804007, 0.6400872884119, 0.5705280424291, 0.7246301483051, 0.7314357228961, 0.8145304050624, 0.9281223215078, 0.9448597216459, 1.18077705859, 1.145865820976, 1.519730861764, 1.453295627177, 1.996701266753, 1.930142887996, 2.720906156566, 2.709360339125, 3.91508284762, 4.091852670658, 6.116344003183, 6.885705354354, 10.80202774625, 13.97348520291, 23.82874858429, 39.93871681898, 83.84178512005, 210.7077752015, 243.3159809224, 121.2579905628, 46.19054895789, 29.68792218288, 15.52702970971, 11.9058963909, 7.982307525046, 5.978655887778, 5.014911330241]
