gap_list = [2e-05, 2.105263157895e-05, 2.210526315789e-05, 2.315789473684e-05, 2.421052631579e-05, 2.526315789474e-05, 2.631578947368e-05, 2.736842105263e-05, 2.842105263158e-05, 2.947368421052e-05, 3.052631578947e-05, 3.157894736842e-05, 3.263157894736e-05, 3.368421052631e-05, 3.473684210526e-05, 3.57894736842e-05, 3.684210526315e-05, 3.78947368421e-05, 3.894736842105e-05, 3.999999999999e-05]
cap_cae = [4.40952723352e-08, 4.189765512308e-08, 3.98937110873e-08, 3.808037246031e-08, 3.643557053579e-08, 3.491750676545e-08, 3.351136686689e-08, 3.222189256746e-08, 3.102849850336e-08, 2.992901575283e-08, 2.889611197929e-08, 2.792101571494e-08, 2.702034978981e-08, 2.618578782005e-08, 2.539228659089e-08, 2.463623419757e-08, 2.393235308675e-08, 2.326757804569e-08, 2.263873468058e-08, 2.20526107924e-08]
force_cae = [0.1827102130097, 0.2078529097478, 0.2385338057178, 0.2772525272433, 0.3262259682877, 0.3889497999341, 0.4707203241048, 0.5821245552908, 0.7361399083306, 0.9558306472398, 1.278822044002, 1.774254191955, 2.54708101078, 3.680712232671, 4.997714721878, 5.614807705562, 4.840809913841, 3.508051681526, 2.415665665374, 1.683609970506]
