gap_list = [2e-05, 2.051282051282e-05, 2.102564102564e-05, 2.153846153846e-05, 2.205128205128e-05, 2.25641025641e-05, 2.307692307692e-05, 2.358974358974e-05, 2.410256410256e-05, 2.461538461538e-05, 2.512820512821e-05, 2.564102564103e-05, 2.615384615385e-05, 2.666666666667e-05, 2.717948717949e-05, 2.769230769231e-05, 2.820512820513e-05, 2.871794871795e-05, 2.923076923077e-05, 2.974358974359e-05, 3.025641025641e-05, 3.076923076923e-05, 3.128205128205e-05, 3.179487179487e-05, 3.230769230769e-05, 3.282051282051e-05, 3.333333333333e-05, 3.384615384615e-05, 3.435897435897e-05, 3.487179487179e-05, 3.538461538462e-05, 3.589743589744e-05, 3.641025641026e-05, 3.692307692308e-05, 3.74358974359e-05, 3.794871794872e-05, 3.846153846154e-05, 3.897435897436e-05, 3.948717948718e-05, 4e-05]
cap_cae = [4.40952723352e-08, 4.189765512308e-08, 3.98937110873e-08, 3.808037246031e-08, 3.643557053579e-08, 3.491750676545e-08, 3.351136686689e-08, 3.222189256746e-08, 3.102849850336e-08, 2.992901575283e-08, 2.889611197929e-08, 2.792101571494e-08, 2.702034978981e-08, 2.618578782005e-08, 2.539228659089e-08, 2.463623419757e-08, 2.393235308675e-08, 2.326757804569e-08, 2.263873468058e-08, 2.20526107924e-08]
force_cae = [0.1885246903807, 0.2009032621519, 0.2145695410929, 0.2297075036341, 0.246538864161, 0.2653284095221, 0.2863920456582, 0.3101100551564, 0.3369454165496, 0.367467202579, 0.402672514721, 0.4434089562525, 0.490698303215, 0.5460151429163, 0.6112680888435, 0.6889604198721, 0.7824232299745, 0.8961600072514, 1.03636594625, 1.211726905837, 1.436489269554, 1.732674600165, 2.127046004894, 2.665310428719, 3.43596011752, 4.575821793418, 6.347574832625, 9.232076671107, 14.09281116965, 22.17766940025, 32.02880292283, 34.25731472542, 25.55735800517, 16.36737244116, 10.53110578897, 7.09357630115, 5.036622215811, 3.729019835365, 2.856671523392, 2.251900750866]
