gap_list = [1e-06, 1.473684210526e-06, 1.947368421053e-06, 2.421052631579e-06, 2.894736842105e-06, 3.368421052631e-06, 3.842105263158e-06, 4.315789473684e-06, 4.78947368421e-06, 5.263157894737e-06, 5.736842105263e-06, 6.210526315789e-06, 6.684210526316e-06, 7.157894736842e-06, 7.631578947368e-06, 8.105263157895e-06, 8.578947368421e-06, 9.052631578947e-06, 9.526315789473e-06, 1e-05]
cap_cae = [5.87835389652e-08, 3.98920495428e-08, 3.019202097274e-08, 2.428332759594e-08, 2.03055450041e-08, 1.744838792401e-08, 1.530184018748e-08, 1.36196660204e-08, 1.227306724516e-08, 1.116933061533e-08, 1.024716649116e-08, 9.46390175347e-09, 8.79431393459e-09, 8.211474460484e-09, 7.701940350913e-09, 7.251839811229e-09, 6.85150703168e-09, 6.493834634647e-09, 6.170257215388e-09, 5.87805276524e-09]
force_cae = [0.04852027066442, 0.05358992920012, 0.05931989860106, 0.06579017843301, 0.07306692786147, 0.08118161548063, 0.09009633943958, 0.09967299556887, 0.1098229578819, 0.1199857021141, 0.1296371746614, 0.1380975014774, 0.144548875841, 0.1482721156458, 0.1489893177442, 0.1460828077939, 0.1402611113874, 0.1323061213976, 0.1229168599991, 0.1128305586771]
