gap_list = [3e-06, 3.125e-06, 3.25e-06, 3.375e-06, 3.5e-06]
cap_cae = [1.469948980173e-08, 1.457167389276e-08, 1.44460606009e-08, 1.432259553411e-08, 1.420122321463e-08, 1.408189042138e-08, 1.396308357471e-08, 1.384783643736e-08, 1.373419137387e-08, 1.362253743409e-08, 1.351427454566e-08, 1.340403647774e-08, 1.329766120648e-08, 1.319295810234e-08, 1.308989944491e-08, 1.298845526279e-08, 1.288857097848e-08, 1.279012979367e-08, 1.269401914499e-08, 1.259625233212e-08]
force_cae = [6.454235128332, 10.14244073481, 17.97435339927, 37.67730247363, 87.63357229633]
