gap_list = [1e-05, 1.128205128205e-05, 1.25641025641e-05, 1.384615384615e-05, 1.51282051282e-05, 1.641025641026e-05, 1.769230769231e-05, 1.897435897436e-05, 2.025641025641e-05, 2.153846153846e-05, 2.282051282051e-05, 2.410256410256e-05, 2.538461538461e-05, 2.666666666666e-05, 2.794871794871e-05, 2.923076923076e-05, 3.051282051282e-05, 3.179487179487e-05, 3.307692307692e-05, 3.435897435897e-05, 3.564102564102e-05, 3.692307692307e-05, 3.820512820512e-05, 3.948717948717e-05, 4.076923076922e-05, 4.205128205127e-05, 4.333333333333e-05, 4.461538461538e-05, 4.589743589743e-05, 4.717948717948e-05, 4.846153846153e-05, 4.974358974358e-05, 5.102564102563e-05, 5.230769230768e-05, 5.358974358973e-05, 5.487179487178e-05, 5.615384615384e-05, 5.743589743589e-05, 5.871794871794e-05, 5.999999999999e-05]
cap_cae = [8.81951760789e-08, 6.982120353882e-08, 5.778360409181e-08, 4.928560179565e-08, 4.296670025417e-08, 3.8080372466e-08, 3.420514153873e-08, 3.102849850336e-08, 2.839424832777e-08, 2.618578782574e-08, 2.42791923692e-08, 2.263873468102e-08, 2.120946908697e-08, 1.994741181761e-08, 1.882581209287e-08, 1.782505343897e-08, 1.692482479996e-08, 1.611146781997e-08, 1.537375193266e-08, 1.469948980173e-08]
force_cae = [6.951460726208, 7.614942737347, 8.398651264361, 9.307858545604, 10.3695564819, 11.61778463989, 13.09564126605, 14.89341769854, 17.1026038487, 19.79522426609, 23.11942926422, 27.41072079521, 32.77309634111, 39.85450633602, 48.97293931748, 60.84970601834, 76.17573480087, 94.8906520918, 115.331125878, 132.7968447924, 140.4593961638, 133.8136229902, 116.9332334605, 96.47151025453, 77.30762986582, 61.54941240251, 49.20836851851, 39.70041024867, 32.5692934819, 26.96943434955, 22.6780414869, 19.23494464408, 16.50797833883, 14.3166362527, 12.50770260687, 11.00307230112, 9.741910420312, 8.702691079248, 7.815091077856, 7.051866482762]
